5C8BCE008A0916BE197DF6042504656CBB1C3E0DE45F900A32942769927A3862|61762801|667344424|71|10|10|20000000|5000000|
7BEB14DB8D67C3856D3D6EE7379E457EA5AB57B6BD91619A4C66A5969812D0F6|61762802|667344428|67|10|10|20000000|5000000|
FB244A19A16BC8391850B17352D889EA1A9AF758F6D1011C56657E1145BF1A23|61762803|667344432|67|10|10|20000000|5000000|
3C16AD36C3C9C242915B2B46EB1E4DDA51BD3E736A96FCB01675B46C27E7FDC6|61762804|667344436|55|10|10|20000000|5000000|
D364C19935573EB1F8C84AEB7A3374B4A2C9604C9F59B631C546F3B0C8E15522|61762805|667344440|44|10|10|20000000|5000000|
FBB5B8E284C772C337D5E1C3AED804EEC3D1C4267656CE3194B97C34C20236A5|61762806|667344444|62|10|10|20000000|5000000|
04FF9409B43270A84C89EFCAF1F67AA2D716659975AD83CA520E44A142F59C63|61762807|667344448|43|10|10|20000000|5000000|
5727D25500B01853979CA0A2499ACAF5A8E27888D801C5145B058539AB7DFFA6|61762808|667344452|51|10|10|20000000|5000000|
3AF0715AF7408E7FDAEA57A133A48483BD47865E07CF3AFDA8832551973A7228|61762809|667344456|55|10|10|20000000|5000000|
50362AF46EFD52DA9B4DE9CE5CF13160508C0CFB32161D1631C9A5A2F8E826C3|61762810|667344460|53|10|10|20000000|5000000|
C0F2AFB1D34D94E12430AFE35C89066AAE6EBB94898E2D9A30EE2D00729D79D1|61762811|667344463|61|10|10|20000000|5000000|
731920278260BF96552FCFD37226427B5D6D5A5B33638DD77B64194C844B424B|61762812|667344467|48|10|10|20000000|5000000|
92F5C5EDD8577BB12C69643A5C8E01A91A8C623411F2E50B472747A550C5E1F6|61762813|667344471|49|10|10|20000000|5000000|
6E306AB1DCBF4D24D51E37909C459B280B6FB43A16AAA6DA4A4A458C73A5CC57|61762814|667344475|66|10|10|20000000|5000000|
A0D19A233C0731BB1463B9CA83BF35826EDF48080C989774D8B4232A191D14D2|61762815|667344479|49|10|10|20000000|5000000|
09C55A3FE5378AA137E07E0BB2DD04800997D743AE50236C01714027267455B4|61762816|667344483|40|10|10|20000000|5000000|
DD883114D7A0E368881B5266C13E8DE402A82EA5377710ED71C7785F0AA50E12|61762817|667344487|90|10|10|20000000|5000000|
C9A1D35BD1539BDD3E42C4F6A26C45675CF090200E4C9CFBE5E6044A23CEE94D|61762818|667344491|63|10|10|20000000|5000000|
30519595CCEB45C76ACFDE2F3D066847A2F602E151935255B001C18D6D858471|61762819|667344495|63|10|10|20000000|5000000|
AEA84E01ABB2655970D6B52F9DEB7A9BEB2F2017AE9FCF18C399875600127A12|61762820|667344499|69|10|10|20000000|5000000|
B822B67E4B29A98CB29A043606166593480A5943C3B6F20DB7EBB57C6FA1FF21|61762821|667344503|55|10|10|20000000|5000000|
27AEECE8503769D646C80230C3BE7876AC8F37E7AA430852E59BD69ACCDD1B79|61762822|667344507|72|10|10|20000000|5000000|
40977113047798DB3E2D92DB10CC9C5631DB9F41020E1C65D86F9BB14CEA59DF|61762823|667344511|49|10|10|20000000|5000000|
7790627D0E20D53B78DB902B68CB35DBFC842AF729EC1B658EA10085D11ECE83|61762824|667344515|62|10|10|20000000|5000000|
D7F1D4E59E7277378994E8235C6DC2EE6E9AFFC92B62024867120ABB2787EC38|61762825|667344519|79|10|10|20000000|5000000|
605C694FC0600EAF70A3F5B6A00F42DA1902490FB9B67A5DA3621AB0CE95BE37|61762826|667344523|50|10|10|20000000|5000000|
DE5BC219C5BD65443C67C732A7AFF8ED9AB47C870D6402B4D423FCBA68EBDCF2|61762827|667344527|73|10|10|20000000|5000000|
6B209ECE1A6F8BDCACF74120D49A096C1618DA7BAC8B8C232FB0E032594685F2|61762845|667344596|38|10|10|20000000|5000000|
8CF98953C9B6459B5FBB61940CF2E3345DE5041418188B14CD97007013A51E6F|61762846|667344600|77|10|10|20000000|5000000|
50D13E249850191213F0844C275D691C3029B7AA36EA1ED1E8483437F33C1B48|61762847|667344604|41|10|10|20000000|5000000|
7057CCC8FCC9973FDAA7768E2FACC8072F13D4603EF2DD7C3F1B704B36605C6F|61762848|667344607|45|10|10|20000000|5000000|
C62EBCDC2A3C489F4DB3FB04A08C137360045CDCC6BE7801AC6F5222F9AD68FB|61762849|667344611|43|10|10|20000000|5000000|
B06A0AE80C15278ECBB2BC55B873B4CCE0224372CB52C8F9FD07C350B096617C|61762850|667344615|60|10|10|20000000|5000000|
9C7458A84B4998E7C3BA8A4D84C8226183ED96F2D33749707A06809BD3EEC245|61762851|667344619|56|10|10|20000000|5000000|
E5B0FDBFE75483B7C7186CA3E3DBFD2DCCA04FD5AD3D82365F26E1740D492AE9|61762852|667344622|54|10|10|20000000|5000000|
1EDFFD5682C7D5E85F3A19DE371908F89031C60E065B1C146A74D7D02AE16A99|61762853|667344626|44|10|10|20000000|5000000|
2D74C5FBCAE42A6903A7A0801200960BC2D55293AB45EF7723CF1737885A2518|61762854|667344630|57|10|10|20000000|5000000|
22946F0D57CA776A72B9EEFAF189D86137D7531BB3F0A375328DF044CD726B88|61762855|667344634|57|10|10|20000000|5000000|
5408746DA41EB44C875D8256E7AA5968AE9B25CAD60D562EA0E6C4B35A84C2F6|61762856|667344638|50|10|10|20000000|5000000|
146B7EFDC8ACE5D5669AAA5C1CC941BBFECC72BDAA917AB3A0B7E9AD15C3327C|61762857|667344642|75|10|10|20000000|5000000|
814B1C6952AD4967111BB8FB005F2B94812414BB6A9CA2265122EFA782E47930|61762858|667344646|59|10|10|20000000|5000000|
E95AE5ACCD114B3B4BFFF1BFF22C300AF9BB173D836F05E6D137D09143CF40E1|61762859|667344650|63|10|10|20000000|5000000|
22EC0C30AA45AD3FF6BD3E11C86A5B137350902F6BD8D7DE28AE274E65C8EDA7|61762860|667344654|60|10|10|20000000|5000000|
2162A315AE98FDDCD7E488F77430A202C2C6DFC61FBBA160537AEC6DC65832E5|61762861|667344658|90|10|10|20000000|5000000|
3D7C824AFEB3852E6651DD00EEE659DBFDD6B8FC53212590FCBB5AD7B8E2B4D2|61762862|667344662|37|10|10|20000000|5000000|
E1242BA85AE6E9F5C5F9D42EDFA8B137840372144E81E970197A3866FC1AE9F2|61762863|667344666|78|10|10|20000000|5000000|
037D13F2B0C34A3068ED72D6F0D25992BA9A449C4277EAB6D17BCFFCEF4F05E5|61762864|667344670|52|10|10|20000000|5000000|
8EFB402EEB44F58B99AB53675F947060D54DE09A3390BAB2A785D297F57B57FB|61762865|667344674|63|10|10|20000000|5000000|
737D084C981B9D47D9298E9C13D93AB39EC1FBC222CA2BDA3732180A0DA9FC66|61762866|667344678|60|10|10|20000000|5000000|
595E525B549D7DD3382E24E2AF68AAFB4ABD7DC1217E555C595EB3E4DCC2D7A2|61762867|667344682|46|10|10|20000000|5000000|
F0BCA225A5A56BA44056448FB3FD94E2DB0B83531C8BC05F277D2160EC22503E|61762868|667344686|43|10|10|20000000|5000000|
65214D039D4A9A74110506BA87D8E28F561D0E7F62C210463CCB4DE180EF7B60|61762869|667344690|64|10|10|20000000|5000000|
1232777F78F2AF12FDEE3D41428F0D90FF4153F7EE95B3671980D5D55CE3426F|61762870|667344694|57|10|10|20000000|5000000|
57562C12A52CB2FFD1D8C3867290A65BB51E096D6E0168C828C9196DDCFB1D63|61762871|667344698|72|10|10|20000000|5000000|
F8ECA36CC4BCAF13987F0824981064EC3793EC9EDD75C9E7B456DCA1FB25F071|61762872|667344702|59|10|10|20000000|5000000|
768E93C5E223A0B75C024B17FB096752AE721E36E587523E78FE1DCC6A20661D|61762873|667344706|50|10|10|20000000|5000000|
262A0695F3E13EEC7C97EEE7021709DFB5033BB8EF015D09FA15BABF53DDAA64|61762874|667344710|73|10|10|20000000|5000000|
BAAD35CE744CA5297517B5BE35317355445274C6E8AE060E4822F093AE9B826F|61762875|667344714|51|10|10|20000000|5000000|
559716E6A695B5FF5A332C102D6028502B28C692BA916C6245D4F7AAA7EF101E|61762876|667344718|44|10|10|20000000|5000000|
B2089E3914F047921D4C194BC0F1EEF46EB0A4DC71FDF8E305C9AEE0CFE3D7AF|61762877|667344722|50|10|10|20000000|5000000|
AA8A7438FEBDA3B29F6F9FEEEBC54CD243B86ECE81767CBCC52407E9C35E7BE4|61762878|667344726|70|10|10|20000000|5000000|
CCE2D0F4B5DFA7E03BDFF15B3505C0885569B1A6DAF74B28273DB3FA8DA6BC0D|61762879|667344730|49|10|10|20000000|5000000|
A335AFE5AF31D2ABEA44C15D964745DC214DCCDF2BCDA0F5187566E5DFB94845|61762880|667344733|65|10|10|20000000|5000000|
786FE9B6F150919D50F2ED9E451B5C21BB1D346987EBA61EF09775CBAEF03657|61762881|667344737|27|10|10|20000000|5000000|
A2A21042958B490FC4F153F833FC4D5CEE1A2755DE07481612272FC87532CE48|61762882|667344740|76|10|10|20000000|5000000|
83B032BEF16B84C64794C93351AB8CC7B73C6A3C7E5BDF11C8963B16C09B122C|61762883|667344745|46|10|10|20000000|5000000|
E3DB48A7E800604B54C80FA598842B7DAC1BD911FA4637F8D36F64BCFA67F2D3|61762884|667344748|56|10|10|20000000|5000000|
F75FFA6EB1FAB647C354DC0A80A6527C094E470578CE1D4339967776CDCA08BA|61762885|667344752|65|10|10|20000000|5000000|
3C56E12EE9DDA9CDA27181187F65AC5D0DDC53A4CC763BE4F4A0A628995BA52F|61762886|667344756|53|10|10|20000000|5000000|
89C5A3578F43B356BD7EC95D0AA832843A697C6B192465723A9B40BA2FA386B0|61762887|667344760|56|10|10|20000000|5000000|
6B15779BDDA0230023AF39866796D178182B6BEE1CEA55D4952598D7FD451E9F|61762888|667344764|56|10|10|20000000|5000000|
12C2702E0D01A3B5B2A2A8D1052F42AF8F51FF74500D36CF61DCA2B160AA0621|61762889|667344768|45|10|10|20000000|5000000|
051A56D4BCEC463E9747FE1D486012443930E74C087B7D13D424CC7B4514E470|61762890|667344772|64|10|10|20000000|5000000|
1E3A8EE7067F5C851D6CC3D51224A8E395E90E585253441C4A2D5896C76A2C5F|61762891|667344776|54|10|10|20000000|5000000|
CBE260E52D2D89BA4696723E19CC69CCF98EF3B1CCFC652AC7A2B47E3F84B324|61762892|667344780|49|10|10|20000000|5000000|
C5D35630EDEA9F56AB6B22D95E8C2C909507AFD325048636E5777D41F6D011F1|61762893|667344784|51|10|10|20000000|5000000|
EAFDCE4F22C85E709AC30659F149450145E33719B0156D2DF2568CFA602A12ED|61762894|667344788|67|10|10|20000000|5000000|
808029CCFC7459ED9FD068E32198820906AD252F1E8788C6CB82C4D0CDAFBBB2|61762895|667344792|52|10|10|20000000|5000000|
1E623755829A7804329C8F8B656C6F791629CFAD42962A32C64356E87AEC19EB|61762896|667344796|58|10|10|20000000|5000000|
D45FD9F26A2877BB4F739E6632C872E1CDCFF266334F37E35DA9CB60552C8BBF|61762897|667344800|54|10|10|20000000|5000000|
C9817A1EB40628D3EDE30F1A9CA395D5F9F6E52CAC4BE5F73F2FF6D2D17E8A7D|61762898|667344804|58|10|10|20000000|5000000|
85BE5A42DEF50B3B4867C28AED6E1B24DA4A7B25298502BB2EC35365E47C4CC5|61762899|667344808|43|10|10|20000000|5000000|
7EB34D8C8E4B932512658628AA0AAD03FF05034F78A6EDFA5DA81BCA6C94BACF|61762900|667344812|45|10|10|20000000|5000000|
9A969B57AEC5BD0E4E2C512FF7A86D12194488C682562AF2F077250CB28EEC87|61762901|667344816|49|10|10|20000000|5000000|
9E5E4A3484D68F080E7935C4EB18BA88C3106155D69CEEF1AD59B79D443BBCD9|61762902|667344820|62|10|10|20000000|5000000|
CB75D8EB15316698E0897FF632865F8B1BD0AC6F50DB3D1749979430CD554CB2|61762903|667344824|49|10|10|20000000|5000000|
543D3BF8F0370109DB93894F9ECD0FB21DD37E2127AD1EC00D5D7FEE1CCB6585|61762904|667344827|56|10|10|20000000|5000000|
AFC939A05387D768C3A0FE1CB06B90B1168567FBE24E033244FB310A69924D9B|61762905|667344831|56|10|10|20000000|5000000|
452C790072C87493A2A1AA8A195867D6E946C50B3526F3FCCAE32354D3AAB133|61762906|667344835|45|10|10|20000000|5000000|
23DAD4ABC3576832FD8C92BD606B96F49AF24A6E1AE407051067AFC4A7F49F07|61762907|667344839|45|10|10|20000000|5000000|
B643A469705D37B28CA6458EE595B8A0502F94572D7A5A59A379F6098A571C0A|61762908|667344843|56|10|10|20000000|5000000|
FED17CE2DCFDC7A9E87B7186D88A6209BFF257FF9AC621E7D89F8B3289FAE168|61762909|667344847|36|10|10|20000000|5000000|
22A0D6EF2B89050C6175EF61266EC274CD44F9BE552FA9F480061E503F17B029|61762910|667344851|64|10|10|20000000|5000000|
4D41AB0D489A0C7E74926E17116553CF2DD0287D6A50B48BDCCABBFDAAD94A97|61762911|667344855|60|10|10|20000000|5000000|
BEF5EBCD396FD984D7E61BA8764FDC96301A491E5C6501EEDD0FDA344276684B|61762912|667344858|46|10|10|20000000|5000000|
D07465F4945635588F4567BD6081553E1B943EB5A68ECD3D17CB7BA284F38534|61762913|667344862|39|10|10|20000000|5000000|
1A420485E874022A688B22DC262347AFE10438BE4A1C1AB1999C6199FF452A91|61762914|667344866|60|10|10|20000000|5000000|
0766EC4F07E300E1E85FFAE1FFAC04236DE5B9945D76685CD0E4A2DA9D2BE64F|61762915|667344870|45|10|10|20000000|5000000|
19B89443D84FB5F9F076E72BE171A94D9809703B129CAE99E907EC086BF41C4E|61762916|667344874|44|10|10|20000000|5000000|
E833007D705162BF4BC14F520F373646D0DBE0441BF2F3C41CA2BC49BDC59589|61762917|667344878|45|10|10|20000000|5000000|
C61B5805B7AF6D0318855C28DA24A2ABACCB4F1D212A38AF6684C664135BCC33|61762918|667344882|47|10|10|20000000|5000000|
1955C139F4806E31A2861D94E705C5D4C6FF46630D471E71EC10A88F1D35E218|61762919|667344885|53|10|10|20000000|5000000|
BE71533B5CCC136C86F2EFDDD4244FC3E25510105E8202B7423187540743F18D|61762920|667344889|55|10|10|20000000|5000000|
984D719793BB7B7234BD690BA79894DDD2F13F76E211BC60E9F10B99F735CA57|61762921|667344893|51|10|10|20000000|5000000|
81878517D80B4EDBDC4B2A79A7E8C77B9601352006D3343BDED66980F17AAFE2|61762922|667344897|92|10|10|20000000|5000000|
4EF6B7365524008AFD45EB43CD073D0F9BB770DDC716922153F69174901BBB7A|61762923|667344901|42|10|10|20000000|5000000|
A4CEA616D2719A01369BDFED0DB266468E5C0CBFEFD59B22813B2395E15429F9|61762924|667344905|66|10|10|20000000|5000000|
2465D759F5E903E186DAEF7617223A446A46E80FBC01DA582E92C2BAD0BF883F|61762925|667344909|53|10|10|20000000|5000000|
B56ACEFEDE73B59E45828ABD20C55162DAD8E664F4B37B296D7DDCECB01DFF4C|61762926|667344913|94|10|10|20000000|5000000|
59E37D2F008A715A010FFE283A7EBFCBFF3C9E5FD5D9D87B6746246D5DD453DD|61762927|667344917|55|10|10|20000000|5000000|
3892FCEB4027EA3B1F1F11C4046815DFD8954A0D836BF778A0FF41A7812DD1BA|61762928|667344921|100|10|10|20000000|5000000|
E166A551309388206BCFCAE850F6123368B2B817EA8E6B179667AF52595AB24B|61762929|667344924|32|10|10|20000000|5000000|
D3DCAAE3C50751456473635F1B0CF2555C121A7B920B21A21C608D37A4E43A9C|61762930|667344928|78|10|10|20000000|5000000|
517AD16AFF00605DE78E420071DB94FD0AA9774926E7441C4429254CE9488E9E|61762931|667344932|68|10|10|20000000|5000000|
9E36ED1BEC69B320E4A5F2851B374A93100B0EEA3532C67981FB3C79A03355E4|61762932|667344936|96|10|10|20000000|5000000|
D49FFDD90059BB11EC70A2F53CD2408A7BAE767FB51F1ABBDDEA8B7128B90739|61762933|667344940|55|10|10|20000000|5000000|
21DF2873EF02FE5FA9512FF83E1B3A1D1D172D6F3F7F0CD909BA927EB879D496|61762934|667344943|62|10|10|20000000|5000000|
AC5E7DA8B5B9E1FBAFB0C3B019F270CE4165381340C6B784A101E981FB60C828|61762935|667344947|69|10|10|20000000|5000000|
14D0E3BE98F857A621026FAB081F93BEF13DA055349F9CFBEDE686FE9C4889C1|61762936|667344951|56|10|10|20000000|5000000|
CC86ECCDCCB5D75AF23F2E5FF67A37A52D7EF920384305DB171B18195568F357|61762937|667344955|67|10|10|20000000|5000000|
31CE4CEB7EB089D3BD4ADA0AADA42EBE8CC9B1A9C2F81B4D5661E2F0BB7411D4|61762938|667344959|57|10|10|20000000|5000000|
15A51A20710B7DE4D89FFD59C944290C1EC5B193478853D74B7048D206B02D93|61762939|667344963|71|10|10|20000000|5000000|
388082934666461B3E8803EA5DEA537D35057A14CF844EB0DCA4F62165E97D91|61762940|667344967|53|10|10|20000000|5000000|
02577B04E78A45A06520B70843285B8E692F5F9783671639FC69E7212411C3DD|61762941|667344971|58|10|10|20000000|5000000|
A3E0D4F6AF4520D7FC5E789DFF67F9117872ED79B9DFEC26A34B834FD28F3D38|61762942|667344975|77|10|10|20000000|5000000|
F2AD7ACF5C8E8C95C0C96786BEDABCFACC2B61532F724AF5C00A27D9AFA8101B|61762943|667344978|48|10|10|20000000|5000000|
441691F5945F73F8BBD09682548319B0529A64CBD72E770D3D8D0BFA83086C71|61762944|667344982|59|10|10|20000000|5000000|
66E9429D71F0414914DF58D5DA076D876BB164A877DB3282D1A482187B57FAA8|61762945|667344986|70|10|10|20000000|5000000|
3CAEA5FFC59AC002E6414B1A8196D2DE7228889A5FB35FE9BA53FC382C02F0D3|61762946|667344990|42|10|10|20000000|5000000|
7803D7DF488368EC767EBDB0B3A08F623295A12B2B248B3595423162D5DFDEFF|61762947|667344994|79|10|10|20000000|5000000|
5AAC240A34005E996B19B0EF8D567FDEE82D55DD92CABFA65291C4096DE501E8|61762948|667344998|42|10|10|20000000|5000000|
650594573396652A87A0188C0CEBE87DCA37461F3DCA20D3A6126F1F7ED990B1|61762949|667345002|62|10|10|20000000|5000000|
A201D02410251348FBAF438FE14C9B70487E1B2ABB6A48D7B32520C6DC7ED738|61762950|667345005|72|10|10|20000000|5000000|
2B3801B007AD10BCCC94403F4400BDAEE80CCC57B86F8BB6176170CD77A87F48|61762951|667345009|39|10|10|20000000|5000000|
923BC65A90048DEE36EB2D6BD3D106C30637B40B82907699F400A2DF1EBDB541|61762952|667345013|100|10|10|20000000|5000000|
2EB4EFF68C10DBD1CB63BD408FB23317E1A33CB62E78787DD8F1A11B6A06DC77|61762953|667345017|66|10|10|20000000|5000000|
B8387FD3A295A6206B025AE71D80248A525BAFCC4175D13F5FFEB44DF5AC6FE6|61762954|667345021|64|10|10|20000000|5000000|
6595BD6577A321205AEF0A4416A4C28EE1778BE8C553326C75365B3F6FDE648D|61762955|667345025|51|10|10|20000000|5000000|
556C17F2416F33FD5BC307A0DA5447402E1DF0999347930AAE6D52F083064030|61762956|667345029|95|10|10|20000000|5000000|
5CF6A84F0AE3D02BA84679FBA0FE05C3663CB79971FF60910E8A13E246A1CD19|61762957|667345033|48|10|10|20000000|5000000|
2F516941B622C56A41DABE3317F4C633FB8C83F047D912D02883D1CE772BC6BE|61762958|667345037|78|10|10|20000000|5000000|
08BCF3B10F7849BB502001481164E819843F82EF78F273B9AC51BDC8972601EA|61762959|667345041|52|10|10|20000000|5000000|
F66E942EB420D1C54BB7B7EF29D2B8647FF3373341FB13B2926805483A7AABBF|61762960|667345045|59|10|10|20000000|5000000|
7E6350BA827133BD963410E0BA151BFE5BA426EEA5AD6BA6CA4203CA504AC10A|61762961|667345049|72|10|10|20000000|5000000|
E2585066FA250E4ECC4798D772BB0BAE93F0539D43B4D28DB9CF3E53FB983D75|61762962|667345053|71|10|10|20000000|5000000|
CFEA3D2D4AB0E03E2D52570A99F879DB777E3F522EC319737A6F289CAD762618|61762963|667345057|48|10|10|20000000|5000000|
2587A6A73B288BD04A905E958A3F59448EC0432C4B47B75EB255E94443C67E94|61762964|667345061|70|10|10|20000000|5000000|
7BE6B2D3C88939BDBA9386DE21035BEDA44AA0424B47FF7B8AFBFF53051E04DC|61762965|667345064|61|10|10|20000000|5000000|
C9B23F2F7D8F1CB417894F03C5A11FBCF54ABE221C4230A30A550935209242DC|61762966|667345067|64|10|10|20000000|5000000|
603E90FE284500BE5B2B7CAA22D4B49653097A8804B9EC05B52AAE3E40C382AD|61762967|667345071|60|10|10|20000000|5000000|
060A70DBF1EEE709418422A3B516FB55A810F4E3C87C9FBABA0C5F7495EC96EF|61762968|667345075|54|10|10|20000000|5000000|
9EFBD9937D81BD0B8C621A1E1CA50A101066DDBFBBA2ACCA7D9C302BFD3535FF|61762969|667345079|73|10|10|20000000|5000000|
D274559013DCA6264E93D74566305538F0F7F117E5D508D33F30DD29EFB60461|61762970|667345083|59|10|10|20000000|5000000|
5E8BB078FDE368BFEEE9B14848E1E90758E51F1772F990464934AAE18E48F874|61762971|667345086|71|10|10|20000000|5000000|
9014D37F023AC6D102948093F094C6633BF930D87398FF37575A73A62BDA02BC|61762972|667345090|46|10|10|20000000|5000000|
587B02939D5C53EC4160763C761F6030FB8215FD75E9274C82610A245175BB98|61762973|667345094|72|10|10|20000000|5000000|
DC93EE48A29F645D57141BD55BCB54F7E5F1832C386A511E88234359E629C6F7|61762974|667345098|63|10|10|20000000|5000000|
A3236E5FBBA63CF2A876099DE1D7D38C5DEC3FCCBF64A3C36DA2604127D37E17|61762975|667345102|42|10|10|20000000|5000000|
C29B76339E753632B6A67C6C1C2AA23A21B32BC6A39DABB80AFDE96F0791E99A|61762976|667345105|52|10|10|20000000|5000000|
8F0154D8C678E55F6F21313CEF8D36EE73B3B63B48E8CBF552E34F014F66E359|61762977|667345109|30|10|10|20000000|5000000|
29FE04E26EFE3C24EFC2F7A060D4DF392464704BCC2AC2C673AFC8DE0406A90C|61762978|667345113|65|10|10|20000000|5000000|
0794CD954DF6D02B5A681E2B0DFDFF5BFF6FA132C636449E104E00C98D62F515|61762979|667345117|37|10|10|20000000|5000000|
56C2B593B9DC631125449F139402F02FE098F337EC16BACE2F5C484C23E8B4D9|61762980|667345121|99|10|10|20000000|5000000|
7B60D634E5F42E2C6E56952916A86C0EFF475A1092B9DCBFD7FCDAABA664B119|61762981|667345125|24|10|10|20000000|5000000|
9A92FFE9A1E102D2FBC23AF71D37AB7588754623E46A06C319DC96A108D26A45|61762982|667345129|62|10|10|20000000|5000000|
262E10A866EB9D5ED5779D8A566352AAE174265402FE08A2BA842156E514ABC6|61762983|667345133|63|10|10|20000000|5000000|
27C303EB4E0BB7F9A50DAFF509B57CF68391D4B510C4DA03B2322B8613F411A6|61762984|667345137|53|10|10|20000000|5000000|
CECE3BD41F83FC96990BD738AF181887200E3E4CA12DE62F442B7E6DD35A3973|61762985|667345140|39|10|10|20000000|5000000|
DA6C68E4DC5C0045ADB2058D4AE302ABD0169C4750E822CE7ED8BE3C48B46EA7|61762986|667345144|81|10|10|20000000|5000000|
D5C5DDD848E662FA4624156DE8C415DC1D94E0328CD9E707C793443E235CBA36|61762987|667345148|50|10|10|20000000|5000000|
577CC8712D447697AE2A082E0152610F24689F14BE42B3648F1F3BBC3BA1B5DF|61762988|667345152|84|10|10|20000000|5000000|
887D2D0F463F6E00944CB0B6B07F8439531191E30AB18B7C6BFD0B77A33204FB|61762989|667345156|46|10|10|20000000|5000000|
7FE9DE459252FEF5E5FA5E51F1BCB23ED50701658E5776AC99B7DD452945C17B|61762990|667345160|87|10|10|20000000|5000000|
1CB40189A93DC79979EB1CA27A2FA126C7815D84B97B3A28309398FCD5F4F0AC|61762991|667345164|112|10|10|20000000|5000000|
5A58E01D03F89DF1C6F5B6DECC4C537DDB5813FC84B931C58F3027446FAFCC7C|61762992|667345168|25|10|10|20000000|5000000|
518007CACB7D1092ED5B268A74F6B3BFF1CBB57CE77D544AD15D1A928B784496|61762993|667345172|65|10|10|20000000|5000000|
0ECCB6F47151AF35C3F5AB8A6AA5EEEC91CA0A98F7057001AA520EDD649B96AF|61762994|667345176|72|10|10|20000000|5000000|
6A5B1BF43C110B623F8D7B117FFE72B18960DD3ADA02C0D4FB667B198509EE39|61762995|667345179|61|10|10|20000000|5000000|
3CB2858A6149BF73458D4009AAB620B36065B5F7EA9FCA260F1B2F2D802B5287|61762996|667345183|69|10|10|20000000|5000000|
F9203B7E0FFE7FF758951A52FACAE8958E66C7D2B115EADE9FFD38CAB5A5C193|61762997|667345187|60|10|10|20000000|5000000|
A3406A58F0D397DE8928C06B420549A825A52DCEB72055D4EA1A890F4E51EB77|61762998|667345191|66|10|10|20000000|5000000|
39CB3CBB5F6E164CA916FD439189396E22B391ED1E5151215EA80E5B8AED7234|61762999|667345194|55|10|10|20000000|5000000|
3BF83CBAA45EEFB19D69453B579F44EAD0640986E2EA6AD221BC9CB8FA2F950F|61763000|667345198|67|10|10|20000000|5000000|
15C19E540A10EB792843B1A354C6269DC45FA0EAA997E9487AC8046BB321292A|61763001|667345202|63|10|10|20000000|5000000|
0C024E64F4E138865276CF4CC904ED45D856E3688BE91FFE6A23462438F9B95F|61763002|667345206|60|10|10|20000000|5000000|
C80D2F5AAA6B9EB9AF019F202DE46B00D83CC3A4CEF50B9E930F0BD8CA3E6232|61763003|667345210|62|10|10|20000000|5000000|
03853CF42ABECD35853482AE17810C107BDC49786B4B67E18290AAB469C9B4CB|61763004|667345214|79|10|10|20000000|5000000|
0222AA12DB34E5BA4BADE5C8B864B4198892373B406B685DC3AA27C688100C46|61763005|667345218|74|10|10|20000000|5000000|
42D0B723A9DE2F61DA7C4DEBC246DE07922BDC714FB8AE6C27EC8D2A320CEC6A|61763006|667345222|48|10|10|20000000|5000000|
0D05F2DEE8E78941ADE7FD22990DA1F11D2AA05466378519F385DFD155349D0C|61763007|667345225|62|10|10|20000000|5000000|
FD25AE8F601D701F323CB7907D252C5A2473C08CE883235BC35D3473DCB51AA5|61763008|667345229|74|10|10|20000000|5000000|
4488538101EBAFB4D6D02A21E4FB592D05737C62EBCF7300F03D114FA72F300F|61763009|667345233|62|10|10|20000000|5000000|
D05308F011128AED9A5CCCF2B9768599038263334B1BFF6A6772E488A731CF66|61763010|667345237|59|10|10|20000000|5000000|
883964338C6BA7F94F4809DBB19AE77907DFBD39AAAC55B142841B15E2A0F5D1|61763011|667345241|48|10|10|20000000|5000000|
AE71C7C1625AF6B516F2E8500147D310E640E0E70EEBB5853F39901E6EFABDB7|61763012|667345245|108|10|10|20000000|5000000|
6D3C71D682F1EF0BF3603FADE6C375D4C7222C40137ACF7BA65BF23DCB6CFD55|61763013|667345249|42|10|10|20000000|5000000|
3B1BF603F81304D43B58CAA000D37BCBFAB4FD13F6D8CA40501969C8484F38B8|61763014|667345252|79|10|10|20000000|5000000|
EF142D223C6EFE757DF6F5910568A2383D0CC5864796B4940BF3209745050F0F|61763015|667345256|44|10|10|20000000|5000000|
4EA65F30365EB2DFEDBB2D57197D7F83E62835020CD8F0846AC27B50CA4B0FFD|61763016|667345259|55|10|10|20000000|5000000|
AB66B4DBAA6DA045FBCED772D21B85B94256E4AD2D11A42CDBFDE0BE4BAECDA8|61763017|667345264|55|10|10|20000000|5000000|
7BCAAB3641953E5D919D35CD753A6D1E5E3B72C002108175D6CDC475B4A076E1|61763018|667345268|73|10|10|20000000|5000000|
9F7903C18ED754F5957B9A035FEFE5AF82DCED298681B737B7553A57C571E958|61763019|667345272|55|10|10|20000000|5000000|
DF2F5712318C893DF14418B4936BAD721F3267DC0A74F26DD85729C9D1DC7DBE|61763020|667345276|127|10|10|20000000|5000000|
2E29D149B266066DD4A963B98AD34977E166A6F18C2D301578B815B4D403DBE0|61763021|667345280|26|10|10|20000000|5000000|
7D68FC5F6E801ECE816B4CEA836A3F6ABC55FBBCF2D3CCC4759EDB0F54ABE68A|61763022|667345284|56|10|10|20000000|5000000|
7CA445D9F5CDFF1AD62F1DF3669745387C27870368DC5D8126EA30DD61EAE179|61763023|667345287|56|10|10|20000000|5000000|
95BBF0F69B84E4567C2C90F3F6F93C4053C5446B2CBA55B788055FA69DAE4540|61763024|667345291|37|10|10|20000000|5000000|
91AD106CD3E9CF4F347A99A94C5B23CB2F42A4BBCF88DB1534835053F0A7AA47|61763025|667345295|78|10|10|20000000|5000000|
8ECEF709614C2FA60A285B380A9454F3A73E38C641F3703ED9F31230847C390B|61763026|667345299|55|10|10|20000000|5000000|
3C5F867D490F6439D0517E91FE6D34A5DB01CC74AB765A7128E117F8DFEBDCA4|61763027|667345302|71|10|10|20000000|5000000|
6BC02D0304C5BFE38E0792774E02167676A133C432D87AB09D51ADD86C0B9076|61763028|667345306|58|10|10|20000000|5000000|
3E5D1B03CACADB346D90AA5F85EEA15C0342A75663AD29DCD2E4F83AF7E68411|61763029|667345310|72|10|10|20000000|5000000|
DE8A97EC46A2831ACE01F36B7D1FD2ECE104E0613D4E80EBA9D1D577DC396C71|61763030|667345314|71|10|10|20000000|5000000|
5AC64271F5BF628466CC94FEBD7036A211B44806F511C2B560678D091A1DAC44|61763031|667345318||||||
