911B5772E817BBB830AF5D265000E9D93BAFD68A4ABCB1154ACC92C3500FB36B|61737716|667246608|55|10|10|20000000|5000000
6BD404E1494D7AC26D783EE9D43947FDB3A01E2CF20BBED4DA3C12EF0113D2AE|30831|667246608|||||
4F445D5AB7CFDFA754CA3B235108E02964FCC638B0BB7CBEAB64A7801479EA8F|61737711|667246587|||||
6FB679442C13CA8A3B63B90EA0EA35A0039570FEA2D987BC66C295221B60EDC2|17040458|667246609|||||
45F12151A8485EC79ECA74103FDA09B6AA0F87F43C6FD011D63ED14D82D7406B|61737711|667246609|||||
DFA440DE3CDD00C6F77D6FE538320B18C50C04144B2333CB38FB84579CB1CFF9|61737712|667246609|||||
31D9AF4121ABF9C4DDE83BF18322466F687A0DEE4CF230C0B5FB765C84B6FFBD|15149011|667246609|||||
86C33D827633495A3251688BCDF5D1290F20B298A8EC6D980E328DB212385D34|3092847|667246609|||||
1C2375910F8DB634C8228CF7CA20CB23046C1D355ED47BC8AC244418D3BDDE27|61737712|667246609|||||
66D82D9FD85A34B87F4FA56C575CA2DFE2DECE0359DC21ED4223A89CF39E78F5|39653|667246610|||||
2BD7932C704FF337DD4BA049C8EFBFD443AA96AA73A97F7E322FD5366EF97BF6|222066|667246610|||||
779F3AEA58D8C064DB4815707858336A6F66138615F012FC29430BD06726FEE6|3092848|667246611|||||
F9CCEA1D5646D7D07E51F83AC33C3484AF21A679DCDBA31147809AD2989EB7AA|61737714|667246607|||||
6CE76C555F23AEE8CC09461A668AB7AAB89AFADD2BEE858BF058C9FAD7A317A9|61737712|667246590|||||
C94254DDD31F009AD79D1651CFE2A11ABBBD4F1BF9F4FB8B62816B47808AB5CF|17040459|667246612|||||
2EA3A1925BFD71B4CB2055BD13C6A73F12578B758BFE6A2678C99DB28CF0566D|30832|667246612|||||
E09677763BFDE837289CC27E490EF860EB6413A848575EAE2A8799778B65F667|61737717|667246612|52|10|10|20000000|5000000
B2A9FFD539C9749FCD54BF07ABD44842A7AC3D636C50F7C7CF53E65205BEC9CE|61737712|667246612|||||
D6C3BDE073C7340D7171F244FC07B8869B3AFD06FF43E0B17B0C89FC37AC3EA7|61737713|667246612|||||
621186039404B1A34DEAC612E114B8A9855C2A428C4EAA47F8AACF3FB66A26BF|15149012|667246612|||||
DC2DD4E29AD1027202E377254DC0AC590F1E13428807627974AD54A4D958590B|61737713|667246612|||||
3F3E5A0644D737B59AC192046C522C41285D7DAD713D7D9164E604FF927F460D|39654|667246613|||||
93517811E9E48085E5C556490B349B6B7063F863C922DDA00B6A9A2A03956D67|222067|667246613|||||
F1CC33E9C74F72995B707898F1A1BF3AD7C60DD7557ED2F445FFC1CB97B27C54|3092849|667246614|||||
AEC1CFC6F08C9676A3DC55A4B398B56F979A7E05973BC82810FE484074727655|61737713|667246593|||||
B1021B2BE2AD8DEE642EB6EE186061A66AF8D72563691597B1C480C8E7273A16|17040460|667246615|||||
96651ECB93C552348E9D6DE23FF44D56C5D4960D7596260BF17CAF00014E818C|30833|667246615|||||
0772F479D6D3445EEDA85507A37C14F23970D1F1938EE4F79017E013E3C4B0B2|61737714|667246615|||||
959341132BF60E9905D880A66F3F938D5C006D281EB0EEF019517591DE54A566|61737713|667246615|||||
DD4B18B0D8A1652E02EB0618BA6FA9F80F635F2E8341A3DE9CC5C97690DBEBB9|15149013|667246615|||||
3041F69796FA552E7C83A2A2B0A6F8A1FD808F875C0915E7D2108A2487010D29|61737714|667246615|||||
635E1DDF08CB22AD2E161A416A1956C6EAD0624E9691FB623587CCB6BEA157C2|61737715|667246610|||||
7F0B14D781D3898EC3F94F87095C513A43818A6FC47E67DE0DB4ABE471620969|61737718|667246616|52|10|10|20000000|5000000
E8610E97FE5909DBA1BBFB982F9ED8C5BD32A973F7CAC92DAE790289B402D569|39655|667246616|||||
F8D74498DD285446F278A448329A160ED27B603D7B3987EFEFA0BDE181E3D053|222068|667246616|||||
4B877535FF541956B5464D88E7D07E92A4E5872DC1EB4D435924FEF519E42657|3092850|667246617|||||
58609A7860117682D3DA739116E8A18A9E3F594B2BFB48B50506F25CD419F1AE|61737714|667246596|||||
CD33BD7F1202735AC084E2F3A4F5FD6D1D876EE9185454555A772574EF14CB8E|17040461|667246618|||||
70557C60332830FDEB7BEAC9ECE6A8CA8D1080E551CFECECD7D1487955F498DF|61737714|667246618|||||
124B0CE866ED2E0406476E0F46AD2A217EF7CB6C32C7F42D5D7AAA02D241B7BB|61737715|667246618|||||
B1DA63B644F397C28EC392B7054BCEA8B2B056DEA32ABEDA76AE7E5BB82360A9|15149014|667246618|||||
29DF474C42DA592E2BE9BFE7CDDB01EF26A64F9118DA3EA331F4E810B9C7E41B|61737715|667246618|||||
BDFA39BE2F24DB6B7BF104039A1F4FFD7C04E87A8271132ADA018AF1D1671606|30834|667246618|||||
16C65BFD8E6428DF25A277678360379B4855FCF8509942050269EDB616D6A609|39656|667246619|||||
3EFB43B2BCB0AA8AF566408B289A28AB7F707DE89154B9A548C5997BA0F5F752|222069|667246619|||||
93B467670C1AB464F98A6BD3BB54341E84D73A375E565B0F26EAF380D90592A0|3092851|667246620|||||
80FD3683182A71A8E3F86D86233F7E757C629798F19653F7FD23405AF12F36F6|61737719|667246620|63|10|10|20000000|5000000
4A6D53BF648F0E6312B08871C1ADD388588810AA55B1FD76249726B4843BBEB8|61737715|667246599|||||
2B411CE0C8C72781AD7C4FDD33345BC25B847AE3E12610AE52DBC308A81BD46C|17040462|667246621|||||
CCF0AD8C2D48F4D7215045365B0036D4B1F2A9F2C8973B611AB3B9E23203585C|61737715|667246621|||||
85E515184D74E4AF5EF7F653EA1278BA0786DB31548625D180F0D4D99083E49B|61737716|667246621|||||
CCE6B13C17AE03D04EDF6C1CEB11FF5AAD266F9B0834C737960CE55ED12F9AD6|15149015|667246621|||||
8CB06D41B88BD83BB84FA43C1D67A0EA2CAD9A44C8073E0F0C2BBACBAB2108EE|61737716|667246621|||||
639701E509D8E0B4DADDAD4A45D9FA70F3F06E25E38C324005968B550656134C|30835|667246622|||||
5A68A0DDEAA41CD8BC9717623E129B1688A91D45FAEA294D0C64DD3260E7D90C|39657|667246622|||||
B69A7F51EC38993909F2662B9FB3CA8BEF27FACE6153BA42E7439BD51BCDFAD1|222070|667246622|||||
7E067D1163DF547C6028E2AD711FD2672E9A989DDF327D92F676819622249DA1|3092852|667246623|||||
168332F8CA2F343D19D882413A889050C4D6EC62E3CE93277E71F07ABA38A726|61737716|667246602|||||
DDD884906EC5909D2F3A445241F8863E540F5409645028ABCAB79F9442E286EA|61737720|667246624|57|10|10|20000000|5000000
747D102EE1FC9B6665A625A6F3C2EB0794998689B1D8CDDF66F79A9EA504C56C|17040463|667246624|||||
F260DDE1355447CF89FFC7628BD946F4426BCD8FAF68854CC3098B1996C5A6AE|61737716|667246624|||||
C88670DB18DF0AF0458C95C36D1A9C4E50A288D16463CFF4CCD55717E94F99A2|61737717|667246624|||||
7C4D5AA42A1DCC8CB0A4AB126F3255EB3CF25355B60234E2F697D76B443F1720|15149016|667246624|||||
084DDC1B1B215C2E2A948CD13D58A6088A9FF58A396EF68146A67B85E15840EB|61737717|667246624|||||
1FA2BD5D9EB001F27E84EE02E006EF623E4DB70561B62FE2B32A0B12BEE1D19E|30836|667246625|||||
93B6F97102A0DE3C1D411BF7FC8D5562B3211A36B3BD703D6068596B4E0D8F22|39658|667246625|||||
4ACD7CFC0203DF87E01327D633C4ED78909DBD0A47E1E28C568BD0B871C74AAF|222071|667246625|||||
20A6DE6035A550875010C9C6C670523E117E63318EF80C34DA828622B931AE94|3092853|667246626|||||
824EAF480DD0E52536C26E6E0629E7E354D3CAEB0D20DF0E449052523296E5C3|61737717|667246605|||||
9FB3C1C1FC3BD6F4C86EF6872652CED1D0CB434C83E07BCEE40863FF44015F5F|17040464|667246627|||||
638EDB60E55DF36ADF34F2A654D8AF4DB6428E23AD99FE128A3E410C2260181E|61737717|667246627|||||
276ED3297CAAFCFE7A45189EB4CA274E4E4DF1147751BFB970CEA654CC7754DD|61737718|667246627|||||
7D980B8A911FD87A0F52E2468A6383EA7FF0FBE38ACFCD1D40A4EDD489025D2A|15149017|667246627|||||
1638BF84FB47A60BB3F07D19A6428537C8E50DBF881D9B8C4A95576837F9BE7E|61737718|667246627|||||
4F58ED1D599AEE4D9403074A4445D05B3D7208217E28089D7F659CDB8C64D697|61737721|667246628|49|10|10|20000000|5000000
536169A555C56EC864051FF69D09F1FE6406DAE42B1A151F9A1849C0C4E81B12|39659|667246628|||||
1C4BCF027E68B8761967CA5D0A946677ABA2A14982850161761F132A7D5E5493|222072|667246628|||||
F99F83CE01FD32480863FBB63CDFA98B15307C00D37B8A050CDCEE8642DAE333|30837|667246628|||||
9A4BCFD6FEF1644394C91DCBE28ECD63B9AAB01649B3174896D7EAA47E7B76E1|3092854|667246629|||||
3DF452714A3D1A4F571603277E0FEA8CB7108EBAFFCEF90A039535B9A968301B|17040465|667246630|||||
40C6C2496752241E9DA2CDAFF5529FD5C6635152ED2DFC8BB2503F32EF2E89C9|61737718|667246630|||||
ECA934A254F2AEC0C6942094178C45B7E0FEE4E7FCE515FC64E8DF32F5EAECF5|61737719|667246630|||||
8E7C4E3E0AB27E2CEDCC6EEA80BDEC4AD886D582CE89B376E4EBB8339BE252EC|61737718|667246609|||||
502BA3A6E517F1C30E1943F5F87F5E4EC5405508FE24BB28B673945CD1F90E57|61737719|667246630|||||
9EDFB7895D3ED0EF8C5DD8FC87FFC321C47F0C699F022A635D99B43BAA42A535|15149018|667246630|||||
7E27D35EFF24A8D44E2F31058BDFFFE65B1B1BC1635430DFB0D6D672CEA79334|39660|667246631|||||
DF9EB3D209115C8F23933D5490D3690DD409BE24B9F942E6BAA8DAEC733F905F|222073|667246631|||||
B81F0A45DE8FD2DBEFBDCCB53A318F53BF51B11CF49CF8DD622AFFE957E5861E|61737722|667246632|62|10|10|20000000|5000000
E0F706335711148DAE8168D32C45E0AC716BA883CEC5948C31B5869D9E94B560|61737716|667246632|||||
982C26485CFF5AA449430D5AC1E3388AF670AF0D706CEFC8D96E0EF9E9F783DF|3092855|667246632|||||
FE2ECCC4D4C073C014B72F7CD17CC98359D0652EF7FA40656CD0F16F1915D2F0|30838|667246632|||||
CA0183D154E244D7A6269EC0DB1EE1C6647EE8128EEBDBB8824ECE050D80375F|17040466|667246633|||||
C1A05C9365AFEE075D8612D4B0572FCC2DB68EE41BE33043D0076666CAA455C8|61737719|667246611|||||
257CB0DA26B14811AD1842537BA48A391A54811FD1C1A92389C3684AB367B248|61737720|667246633|||||
A2EC2468CF3BF9A30AFFA90D167551F6D4B031B00AAD18A2B945AFA17D3DA428|15149019|667246633|||||
F60EAC3A77BDC66C0496896C6F308FB4B56F7917CD87FB2B5FA26133B840E6DD|61737720|667246633|||||
63F6757AE65A1F9D0E2A2F59A5286C5027AC897AC20C67A65E2C830BB7914C84|39661|667246634|||||
B115D3557F2F9D06CE9CC79B3BA464F7649F8814E88D8657D17C3EADEEC270D0|222074|667246634|||||
F02041A14C280671F88CF3974359DD669DCCED279CBEB5A4DCFAEB10554434E8|61737717|667246635|||||
08A662A203380F15A365B562A0D5A37B6C3C893FFDFBE30736A4524D2D8EEF63|3092856|667246635|||||
EC2C0809311EBE3EC9DEF1F942844BEF5833150BCB53C4E00BA0BF9440C41A08|30839|667246635|||||
A02046053154AD067CE021BC470B83FAF506E78B1710F09B12A9509420FBE948|61737723|667246636|61|10|10|20000000|5000000
009E4231801606E60DCBCA78495BEF3BFE31001BF17AE435ED5E0403A697637D|17040467|667246636|||||
C5AABA1EDBCE1726C063AA81BDB5BBD89422A31106F8E2ECFA8CFD248C749474|61737721|667246636|||||
EAD69F2EC794EEC18033994FF80FCA7E7BB570475E672099D2A5E82F46F051DD|61737720|667246615|||||
AAC3881B37EA737963AF5A076FAED77DB6BE10F4393131BBA2919E64A9505C01|61737721|667246636|||||
0546BBAF9D4E4C2E3EEA12263D09B349CE423F20FC79FDF270EE214DE2BCD621|15149020|667246637|||||
6EA20483B7E10D3272619940BF918A8C60B3C97DA39FB1AD1F45C1A2BB3D9688|39662|667246637|||||
F69B321D540E0733C54F2070DAEFA0654A57EA311B824271EFFE899B488DCA74|222075|667246637|||||
0FC74DF17A72E806C24569C6AB5B7694C040B57C3D58DAE7EFDE64F4843F757B|61737718|667246638|||||
E83228BA22B24CA6F03D76EC81C498F510AF7EE826626E24E1ED8A10EE283AF9|3092857|667246638|||||
489B78F5BA5747C22F0BFA5F7401E13869E0AF7B09F18D0D1D171CDF39646E48|30840|667246638|||||
92A48C5E3317D6D93C8506E5296F995B2FF45B2E1DC7C8EAEEE608D244251916|17040468|667246639|||||
F734EF91011A54253CE85E1F683707C0C166AD9A8652CC7045F3CDE3306326C1|61737722|667246639|||||
87D0FC49CC0B241D51778EB6853C913823DB414959D4528B32D5F0A76458EFE2|61737722|667246639|||||
104E2C528B9ECDC8DE8F4CAE446FB2F44C99188C22494CD2478806695355E2C1|61737724|667246639|42|10|10|20000000|5000000
A40E0907D9F65C29325B03D5A1CCFF2AC57A0A4F371B279085C2C63C32AD0D4A|15149021|667246640|||||
A77E550EBA6C0E43257BC5921B214DEE335CEAAEAAF9BC161B5A18741E33012E|39663|667246640|||||
10600F9B78D3A0B4711F313F2C77FFC8DF3A6EBFCD9F5F10A54387F0BD053423|222076|667246640|||||
B8A70A54AD1D5961CD9D629506BF3BC0D24E651419388C9CA474998FBB5384F3|61737721|667246619|||||
31289ABC00C2C69F0674B2C53E378ABF536ABBE8709B32306FB82ACA9641ADB3|61737719|667246641|||||
909D035A87A0A4A4F5F24DB91F5839AAE431B57B40517E4FFB78D7D7FA2CDDA0|3092858|667246641|||||
61A6F5BCC9AC051BE586AB365B30B9DA524BA99E67459F5A6C51C8EA9884DC22|30841|667246641|||||
EF04F8DDB87207C48C7777086A6C583D1655AC0576F3287E2BD34C59DDAF141A|61737719|667246642|||||
549F3CC6C8DEC81A636A031484326E1C2ECB519EA00CFAEC9C83FFC8CF594F29|17040469|667246642|||||
CBD7E748EB30253BA0E98833322212646AF68693EAC4375C42EB6E709134A794|61737723|667246642|||||
4CD7FBDC80177119861EEE2739093311C7A33EF13A5A1EE7571BB399EA380C64|61737723|667246642|||||
ACD862AA6308E095FAE5733D97F8588CAE639941FC84559FC771657FB4E97605|61737725|667246643|56|10|10|20000000|5000000
133FCD0FC05E7536C89644B22448A178DC0A5591FC26BA1E4A11AD27B413F810|15149022|667246643|||||
F78497FDC04165567EDCB01AB676704C2AA9E2D420D5232648711DF1B58B9501|39664|667246643|||||
CDAFC3C93DED2EC02E2B8B03B262B93F7AA0D8D4B42D1E8DDBE8CF7536B90EC5|222077|667246643|||||
4650ED08E2A77C9247E8D5998C93C2D1372D05F109163167526AF6FB8189B558|61737720|667246644|||||
B7D3D9B3DC0E3A46E37E95FECFD0F735AA470E6928F10ECA3D4D56458BBA739D|3092859|667246644|||||
98DC32D10B0271F3BF942D97CA477375A3DA8E0EAF14B256E093B0696859D472|61737722|667246622|||||
1071D51BD59D910940697807BF1D208BABC29F5D7308AEE09D1F24CEF673C09F|61737720|667246645|||||
0DA3F2684933AE536D7BF079C75699CA86B735BB02BFCA22C95A089ACA3057B8|17040470|667246645|||||
08F9A97F41F9A3C4D29E639B8595CB4EA67E142CB704E2AAA4C3ECDAAA06C123|30842|667246645|||||
F63B6ED4C53F450522E8967B861BE9FC53425C06AE59AB5FC422E0760E7CD040|61737724|667246645|||||
2B1CEC4DF53381AB4014A19BA30C71C6EC2CC51B8D8D531E44222DA951B7321B|61737724|667246645|||||
088F963413181924C48F2BA3326BA52B333F300251B792BF84A9B9F619566A41|15149023|667246646|||||
32BB519396BB791F716BD1E44293C51500B8E4676DBCF87C4137BA2DE9E068F0|39665|667246646|||||
D3318AD91E4C14D465C5E915951CBCE83D5DF4B0EE8F8FAE3215242697714ECC|222078|667246646|||||
8889FFB2481F0E5A87A2E31AC6FA9EAF11521C66A5A2F7ED945678CD61D08CBF|61737721|667246647|||||
47F66823316E23FE9530A106B0E805A31C593E01A97D84906525405D83E88E4F|3092860|667246647|||||
474B4EDC2635E8EA6324641F4C7EA36C8C748442763FA416EBEDCD543E1D698E|61737726|667246647|37|10|10|20000000|5000000
087E99B2A8B0FB8A5AC2500F4CE5C801B1EE895AE2F8FC394FD72C15C2085B21|61737723|667246626|||||
C606F805E87FC2195262E65392B5D705699ABF761DB5ED24CD0051A5E0ADEE00|61737721|667246648|||||
A75DF297F1D2A4CA317F8810AC702B35C7ED6522113A83370D1E67B273AFB46C|17040471|667246648|||||
FDD273BFFE8069D1CBFC5CFB08B3CB5F38D351FACC4BA76C0DB051BE55B6B5D1|61737725|667246648|||||
759AA31C96F76B0302F71611FFC2BA2B7EF42CA2A0082E66070EF8F325DEF5FF|30843|667246648|||||
1F1D3591318A84FB198F8F8C6580C9AF317EC948E01473920FE1FE737F050FAE|61737725|667246648|||||
4498E95FA35CE846FBE7E753E8FD15CF6F35F8EABC9480A2223C008C05DCBFAE|15149024|667246649|||||
EC6BB00EC578D1363C4542F65F2AA25AAD268150A0D38F8A21527FFDA23F0CA3|39666|667246649|||||
5D6C577DF5D5E50060747B3DD7D364B15903FDDB70BAE288DA8AC1D3C08F1F3F|61737722|667246650|||||
9C12AC1C285277ED9E6E274B2F5F686FDA95EDCCEE1A248844D246F8EA8D1459|3092861|667246650|||||
9D736FEFF7D85BAF62B9593B3564B65C77334DC18787E769D0982F1F0B8DC3B4|61737722|667246651|||||
BF6B16F6831DAFA9874D838A664DF06DF6A171D53E7076A3F15503D95CAD6E1A|17040472|667246651|||||
796868D85246038992D7B2D82F701DF4183F387E99C31E13C8F37530A0C8F2C0|61737727|667246651|47|10|10|20000000|5000000
DB06D8949D17282A0F9968975FAD768DC99296A2B5A700899C0C6DFC360A31DF|61737719|667246642|||||
581378B041675F544E38C044F26F7C69BBA74F3216CDB60DD336E49F86C45CBE|15149025|667246652|||||
4BB89E35CC19F099020CE5D03A41CBCB72E04A5B1D3802AD2C75274299D245DA|39667|667246652|||||
B5AD2436A28BF86C374DDEFD95CEABBA603F9B62D6C87C7561B5AE58A90A0E62|15149004|667246652|||||
BACE39EE7C9B54C3D74CBD63CE03792528A6C8CE80E77BCC1B706EE81F1D8615|222079|667246652|||||
747D9D8BD4183B303650E582D03E2C1655402F3D2E24B7CF874F1BE907C21BBB|61737723|667246653|||||
6A7C0672C7B86F4BE0F82AA44402C9A985CDD45719AFCF8418011F92218A9CC4|3092862|667246653|||||
42BB252427B5DF47C570E603D2E10207229776711403D5822E7AA7EEFEE71AA0|61737724|667246631|||||
A768D99F8B9ABC8C24DC43AFE0C0C540D7025250660A2FBE0C16048A9D0D593F|30844|667246653|||||
3E83DA3690947FDCB8CF721325DD356CC25772D38DCC00F76487AC39A261C543|61737723|667246654|||||
5E5DB18E9D66C9488AADF775AEA8EF18F3FB350D83EE60305D8901BFC160F129|17040473|667246654|||||
66A993C433DBB2017B233FB99143B62DAC6AABA7FDBC22A96B11074C400EB2E1|222080|667246654|||||
E62AFCC8907AB7F35C123C4D9901F47F84EEBEF67B38EB7FFD40C20143041338|61737728|667246655|38|10|10|20000000|5000000
E9D730102A3DEDA2883CEE0C484642027D395F868B80877A7CB2331209F58B45|15149026|667246655|||||
C48CE89D35E982FD233ACDA8775F51A63A8547A018F13A52E0EB5B122F70DACA|39668|667246655|||||
2A24B046F8096BE077707C58A0C8F14EEBF4172AB4014DA8681DD1391C8EC1BC|15149005|667246655|||||
0513B52A961FF84C4C4A04291578574CEEB130FE23E7812ADCEC1DB54588DEA8|61737724|667246656|||||
E73B0B77790C41A5D30FCC289EF112BC1BB8325630DD646707520B022A58D8C8|61737725|667246634|||||
952AC383DB7926F175DE65C30C59D12A62E1E40027B87DFE25FA801DD32A8FE3|3092863|667246656|||||
EBCE72AC08CFC97A3F69EED55D4A1335669A128085F6AC0DBCCA06C1B5FC15FF|61737724|667246657|||||
A5E748742F4DD40DECD5AD9809B770B523A5F2299D5D787F3A7C52CA6E26109C|17040474|667246657|||||
81DFB6638A2AD8F037C06C74E25AA44B78293009E09F98DD95A97204AB516720|222081|667246657|||||
9FC962CFA438B3114E70075B327DDB365E50CB4A67144F204927DF1CC72438AE|61737720|667246646|||||
7DD854ECE36D244B3143F987338A9EF09756787C3446A878AB4B30A54842A32B|30845|667246658|||||
8842E676986F1BB6CA919FCBC7F3F02D721D581FBD2AD330CC41771CCA5F2F9C|39669|667246658|||||
49BB0CB248737A6E007310F6DCF1586B2AF7E777DD99598B11F50ABCD34F8B90|15149006|667246658|||||
C7C8D0BFC21D749F6A17BACE5E7965DAA91BC484092B3DF3D3141FD25329A475|61737729|667246658|52|10|10|20000000|5000000
5C19CD79176996E35E590FEFEA942D94C77C1C9939AEE89FD9B6648C422B6BD1|61737725|667246659|||||
DBEC16859DB947C41ACF41AA29D2E7F6C2FB4B913D0D96FFC63169241DD25ECD|3092864|667246659|||||
8C4B0263152C5DEAA2AD08662115CD76215B70A7C403478A118A70400400CD81|15149027|667246659|||||
D3D096DFCF78EEC500740CFDBF5E1E0906385955FD944461763B855C3005EE82|61737725|667246660|||||
090B0F7637C1199BDD87D3A237868DBC81C8DCDE56AB5538B9727E58B53264C3|17040475|667246660|||||
A230082D3EF1ED40303FCD6DB5E11617FCB65EEC416A9836E9F557A017885DFE|222082|667246661|||||
EEB051AB4B183B567CDB9D6681B0C6F44EB2DC7BA15AC3E002050A0171E8E073|39670|667246661|||||
EF02EAF428698673868E731E0EAAEC1619B3D1284EB0D82E672675A495AEFD16|61737726|667246640|||||
C6483C13A8883B43DE0DEF502006DA8C5DCEF24A27C86DCC2046254067163B80|15149007|667246661|||||
D16527D7F4AFDFFCD1BD1ACB2F1033F50F3CA2DBC928B02C45A42C71A8F3BE70|30846|667246661|||||
D997A47501C0707710954B11C1B3EF064EAFDD4D4A16AA286989E53374AFF809|61737726|667246662|||||
A4CF2D58943937BEABCB7BAEECD8374533BF3F3D74FFEDC8126F178795F38A7D|3092865|667246662|||||
E590E202849D6E59F66C1ADD71686E31CB48373508DA63510743572D14FCB34B|15149028|667246662|||||
E248D52F2A7F565D4406EBCB03B9568FB8F35EEE2EF4473A894AAAC00EBE78C0|61737730|667246662|52|10|10|20000000|5000000
5143E8F3D75023C2D2675E8D38B6ABA609D03272BF8DE88FE93BF98FE6CD85FB|61737726|667246663|||||
A3AA3BBFAE6766DA98BD8B2ED83875169E7BC9C81E77CB84CF48554069C9005F|17040476|667246663|||||
2CCAB319F95AFF3081C7219619B54F901F7BB0C90F8E6E5C1AF56D56650E0551|61737721|667246654|||||
CAD7701561FE4C84002812CD50A5AD3137BB22421F81043E6BE31C9027FABA3E|222083|667246664|||||
340924D50E1F00D34EF6E049B92A3CD9E9251555BB464A6F72500FA91475822C|39671|667246664|||||
9F408048C6F90FA7709D0F3F2B0FC4CAEF385BA5DB676A3A0A86C722B9A19D59|15149008|667246664|||||
9A51134A9DEE8ACA7FBFA13C55E77877B953BC72E0786328EA9B7BED259E5FBA|61737727|667246643|||||
644D9C1960BE55657576421A9E4B852BC95CDB5C4DCE6C3B2498385581C18FB5|61737727|667246665|||||
99D8237F965109A96317806B056357E3FEC387656492FD614AE7F95F307CF755|3092866|667246665|||||
2DA97608BC46E48B1929E7A9779157E67020AE7D7DD6F51EE0DFB64624C1DD1C|15149029|667246665|||||
D2EDD3E080E4AF694A2ADD245154A152EC5DB22BA077AE853B496BD047ADDB57|61737727|667246666|||||
7D1B6066C84C7D2AF454B71A17150153D7255AC02554FAD6679115BE6DACE22E|17040477|667246666|||||
668488EDA6B4666E8CAEB65639F667C6ECAFC3F6B49A26CA3B23B0BB6218435D|61737731|667246666|48|10|10|20000000|5000000
E1B3A4BC18FCD8D28F0476C2078C75260CB772B47EE424B7304EA426A3C8D39B|222084|667246667|||||
7FDC65A29DB79EB09437166382A928E168F043158042AEDB993D3661B4ACEDC6|39672|667246667|||||
DB516F69C1FCC89DD4733FB369E4F9CFCD38F24933C79B81DD314AD9FAB15458|15149009|667246667|||||
4E075EFD0296B790796ED1E5F7BDEFC778B1091D55EE3506B8E20B9E62A31510|30847|667246667|||||
E111D9C2939E1379FA53FDC301887F8DE815BE617C9B43ECA0E2031B6A32F30E|61737728|667246668|||||
F2D9A4F5E799A8BDCAE4DF2B70865CABEA6F110BFF60F9482D0E8A4FAA7C6C5C|3092867|667246668|||||
4E7D9F7A7EC7200EE01F4A87C3D470CDAB6D7FC68035E8D211B62125081F597C|15149030|667246668|||||
AB53A85D8621379E96D935FF4F61D2F8D4A521845EDDA4E5464582BE0E683FE8|61737728|667246647|||||
0C702050F5BC52401E8080ECC7B78D38C1E2720064C196E876B358947A073254|61737728|667246669|||||
1471306001825B965F79949F3251C02CD741EA4DDC01EA4A0AE24AE637FC1012|17040478|667246669|||||
0A96048AB9438DA94D6B7114F73D6372A8E5C2D9D53BCF37CC2D55FDD69A0870|222085|667246670|||||
B81BBA64D44621E1344888911E99C312AC04C47055F941E9D530277CC6444B69|61737722|667246664|||||
DD1853B2294E18D32B15444B6CB069005A3F6645B88884C967EA6402C91BEAFF|61737732|667246670|51|10|10|20000000|5000000
88F3CBE619836867D4F0F68262C9E724D89C054BB2E64C053C598BBBD8C7B452|39673|667246670|||||
00B33DD36F820E128E3925E26E9D485AE82F3D07FC3209D28555FF79367D4824|15149010|667246670|||||
B740688780985F1C4C7713F1E090CF826A063D735E50504A6C7BCA6A06EF532D|61737729|667246671|||||
4EB060E3C5A3C6A9E970CA0E6A3F275BA32E419E1861AA7FD82F845A32DBA66B|3092868|667246671|||||
DEC442F509BBD340B5B12941B27E3616DECC43BD835793F058C4788240B99ECB|15149031|667246671|||||
48EBC2227AE1053420A8DDBA358EAA950875F8FCA2E893DAD9F8CED8D2F7C9D1|61737727|667246671|||||
3EF5E4931119667EB11FB96E1DF7AFB1DFF094A4CD2A20335BB7B7B81CB1BD58|30848|667246671|||||
D079C176964110B70BD9AEE124C5ED5FFC9747B8F2E472D0A556D2E4DB6AAAA9|61737727|667246671|||||
DA2D3852B0726F96656DAF671BEFFF9B50C7ED2EE9A7C67FC39D7F3A2C35AF7C|61737729|667246672|||||
CD2E3960D2DCCD4917EF2115AF13466C627AC11EDD022E191848474C97A8B1FA|17040479|667246672|||||
9B13D371F998825D9940043175F5A6629AF24453695CD2802DCD81D96024821E|61737729|667246650|||||
DF25D2E5917B5B8ABC7917FAF9FCBBF696581002385017AA2D52CAD37DFC5443|222086|667246673|||||
61E2849DF597C631F2388C926DA146F899EE3BA08FE4D6A7873FE1A6267F60EF|39674|667246673|||||
CE1649ABC1B1370C306598131EA31E67C8AD1C729F6E3106D0DA1E58C70263C7|61737730|667246674|||||
592F46509227E735F2A05DE9BAC9C56C6B06670957F6B8A10B2BBE2B782603AC|3092869|667246674|||||
101724AD0FD44F4D404FFA660A562F9ABBB7D67F9AFFFC22BA5A44FA7DA4C0CE|15149032|667246674|||||
4CB06E2A714A9A6A41AE1E596844235F5B65F61C58BD324BCF8496C869E90102|15149011|667246674|||||
76ABAF84ED3669271B6BB5B4B7410624838780E7BC5AA23065AD284F6BE21414|61737728|667246674|||||
538998101EBCAA5BE0B03CAC7063E2D5B3A48A6A5D69B21130B7DE441C78F95E|61737733|667246674|54|10|10|20000000|5000000
36B1C9D2A0ECBA71A7EF4781783BD33ABE7465FDE249A8B2753D20EDFC36C2A4|61737728|667246674|||||
CBF1E60D57F9E0F9A1F8455082DF277009FD6B484A8BA73532CAF2CBD644AE80|61737730|667246675|||||
1D4C60C1AFC9F3DB5198F7D96E47DEBAA786C1A7B5539D319E5F1D7BE5A885E0|17040480|667246675|||||
BC17ADE847ADEDC1A4D41905EE0500F6C56119870710C269DE596976B4F5F4D2|61737730|667246653|||||
BBD6038F8D270CF5464F03F84E8B7D464F7626C4BA8DDDF88F3F683927BC7B10|30849|667246675|||||
D5B81AEC909C149E3339B906BE6CD7A297F5F5EC5F056039482498F0B5EA0F0C|222087|667246676|||||
183F9E3D658CCCF3FC53157261A64E66805B7ED9F291B5D21C0AB0190031BA0F|39675|667246676|||||
0F3B23917092761D218535B21A403651144E34950A3F13C81BC5C3AF3A6EB71F|61737731|667246677|||||
0735DC3D6463D3B5F156FCB999C8BB4A5336B13C599EF6C5EF7283F5FB51E18F|3092870|667246677|||||
825B07806F02FEA437E5A7E339E66A8C06A992E4336C4E4479DD5E1D11BDDEC2|15149033|667246677|||||
2140CF2A1296EFEF767B8773D96B34AB5D1E289A709A8608D88AD6BA0B08FBC7|15149012|667246677|||||
047FA96F1716127FFCC80F34862E087A0BD31061BE2E880FF018625BCD073684|61737729|667246677|||||
FC6179E1DCAB8AF8B2A1086ECC7530FA6E75E7DC9DE3B09FC23EE30D87DFE7F2|61737729|667246677|||||
97FE9447D08B3ABD580C5499877D69A2698D8446AF9EE7F36706C4E4D34EAD46|61737731|667246678|||||
738C99762763AF179A4A619E1E486E792EEB4AE17ED6B05E023287C8EB5992C5|17040481|667246678|||||
1E71A3A86ABE1F9ED601B106FD67D37BF4A62A2599E1A2B9BB92DF779B991F8A|61737731|667246656|||||
AB25CD2384D00445BE40CDC1D1BEB7BAB9F4850F6B9354D620207C7926757E20|61737734|667246678|47|10|10|20000000|5000000
06DAF3AFF2567BE8087093618923151FD3B76FD08F412691AD7E17FB5BA70467|222088|667246679|||||
4BB24EC8919A36DCE6875A5776B7A82851D25330C4AE7C9CB4137A95E1F5EC00|30850|667246679|||||
7E10E3B998D36535D10B9172EA0803134ADDBC207A949098F69A8BCBFA3CB6BB|39676|667246679|||||
C0EB3A381783388D80D5D5E0A2C0846ED1A244DCB4D39A719CDE94E12B302DF3|61737732|667246680|||||
6E256F5F7BF57DCA4E1F555E0631E36FA14A9C228C36F9D22DB3390DD28B2BAB|3092871|667246680|||||
EF1F9CE6CC885CCBB8E6A0B6B808B6E16FC75A9AD9F9BD4438E974F9429CB972|61737730|667246680|||||
2D273833D034787DBBB22D1DCB854F9F2F6A9CD18FC5065EA51281B543950A16|61737730|667246680|||||
45FF3A28D3C5D1C65ABFBE007C3126C5DA136B72829CACB53A65979D38CA088F|15149034|667246680|||||
347CBED243BD0B1238C9BEE11C684D2EDEFE65828A5FCE53CA55F04D7B7BB2B9|61737732|667246681|||||
9423AAFD3C8CB9C8311038E050F89727D28B28B5FEC110094D54B00BB354DC23|17040482|667246681|||||
3DA1B6772A26E43D49554D519AFC46D5A58FFE78BF10563FA3F4BBFAC6D8A09F|15149013|667246681|||||
0107965EFD951206D844F1D6723C42838EB550337DFEF4664518715941AF717B|61737732|667246659|||||
279365BBF484D46E89B1834CF2B6679418FD66093B5081273A4D6135C8373356|61737735|667246682|60|10|10|20000000|5000000
9CC2CA6F7B1930A59530360B0FE11E3F1F7688830F0ED4756AD5A657EE36779E|222089|667246682|||||
9F753EABA31AE179FCA0CDD20ABBB4D1AE492B8EBFE604B3A747B43EF4A68FE9|30851|667246682|||||
6F8B9DF0785E16E7554E25B2DBE9C2C1054A80CA0BFC9C014F07D9AD5C8D478C|39677|667246682|||||
4EA67D9A03389F49A3AA2D30C07405E03212DB31E3EBAC1706FC8AB509CD0B39|61737733|667246683|||||
4CA9E148AAE7231207142159E36ED992E3C81AECC066485232A6217204FB4532|3092872|667246683|||||
BFDD3E7C081AE1271964ED114C71A41F5F0D6935EF1874B44035C423DB341832|15149014|667246683|||||
E996784B9A0210E12FEA1AC0EAEB4A3FED99E280BA4E97F45C86D84920339956|61737731|667246683|||||
FF83A32800487DFD9B88A43C197299D90131AB9D0CEA0953A8230F484B6D4106|61737731|667246683|||||
BDF1289598478A3A7FF131FB6253BFA599B3ABE405FB691D815AEF2E61AB044D|15149035|667246683|||||
9AA64E5EF6506DC13613495D9B35AE9A42986797ABC56050E24EC0E6FE9C4642|61737733|667246684|||||
C7D0B17BB02DE5FE4B4D6156787C35FA0C21B2EEF59A85B3B61172B02FF33F9B|17040483|667246684|||||
61A41BF4845164C53DAAD313F44CC21E2F5D6B62C90C7F18A78351C8A0DD0EDC|61737733|667246662|||||
